$ANSIBLE_VAULT;1.1;AES256
64336637616433663538376464363763636663346266313165623531623963363133626431616434
6263336366363761383739353865356631326430396539620a383434356532313639313238656165
37383664326435356536636138386264633762643035333534393739333465306266326466363335
6565643036613531300a383630383230303734343734306466623435333464306635363436623638
62313833353237323832333962656630663833323136333934616435623765316635306437343065
30336238653934643765303531643931356461343039663731303339323939336430303531313635
39623331653236643539363639383231393437653830313134363564353864333639343432646133
63656132643132613739366664653232306262306662353163323739316535373535366364393635
30623166376534633363343332613136633432613737303062363566646261373937346466393562
62323237386538353565383866396664336261343965646531376365653032303866306630356632
65383036343166613165336337323236323635653631333238373563626531313932383665386534
64656630643134306633366235343361366339346666633666313030613433633133653035363765
32663330313035383836373666393962643231653862613361393765636531313565303331366433
38386536346532663763383766373336316665383137376239666236613837386430346632373666
62353962646436333239363161646331313264306534616163626333376536336237613337373464
39666265666434646263363664376464646462643062353939643538326162393232383865623231
36303462366535393630363862353536373062643539366365393433376166623964636634376266
33613661326333306132373462303865376263356531646232313330303664656431343162333435
30306362393263653837623530396239373465346530383530623537636437373537303261653932
63663361663034636465323830346663333431613838333832663131386532333835633832306162
35636535343031323030313635653038376234316662386530343662623932333732383136363334
66323062326239633631656532633336663833663062666439626636663230333361333535353462
37353763623664336234303934623533373633303936346664663337356462326337393630663465
36633237313337313665353864363135663735356531623838366437666466663239653439636664
30363137653737383766653734313463666332613432656262353937366230393263666330653234
61313435656264366463646531306338303566643264303338373731666437316166643835343430
37393035363065323566303361643266333632653036316135636461396439396261626339336333
34383331313331633733626631363433343438363133663537363635626363656532336461663931
37343432373132396662626537633064623038386164613264653062663863656634303238356262
30386562333964636238666539353130333563613638313664393765313361303265363133373038
66653437613035316335396165343261663562633365633365613534653362316662383037663431
31646163366434653230356665663935666562626139643762623366643565306437333961646232
38363334666331626264623534346532373634313030376163653765303034636663666263333634
64356435316366323433656438373263373466333135393438303636633534313863383361343965
30663063633161653430376230323831623061643838653765616266316439613465333936373562
66663736616430633866333136326236343731316365323266646634356632633437393330663664
34336563626438616261666261383035646164316637643962303831393061353231656265643062
62643761643138663666353535643434393131643165306138353331383837346638666265326462
38616139646134303435613536653164363563396565303231353761633962353531663037306465
63313564376339373031343637626362376565613835643838386436313335383965393662636663
37303431363162316635623532663634653032623465376531333630656366386236303133383530
62663766323062356166303036633064386463376465343238396561343433613463316266333333
37373565343735666638363039343333383165616534666166333466663537316530353564626530
32666463616262393762636263613863396338363739373930366634396362373033666263333764
65313638366534393334643261646331323662373135396666663066356633376164363666656138
64356164623038353762643732356566383438333031633965303661313639396265656437383661
37393066386238393665396137393431623062373237336536346338623836303066613861353431
62333763363735646231613664646531383163353835616135663039323463616365396639386166
61653361386532353164393336656538643861396436646561623031643766393265336135393638
38633262343065653662636435646433343935656362333830616636383466393132666536626231
34383630363431353239326233336366333161333633366139363064306665383466303162396536
31343537633234653936343261616230633038323639356339313734306232326132303836633437
39633133346162373365313239396633336462643138643066643131643639376330353039303665
30643134393366656562333261356665633139336361623635666339323963386533353735396536
33346162323636336437636338633637663661366362626133313035643364643662363536323432
62333035636466383862363538626139643663323462643031653631646565313337613430633039
39336166643333326532346437613932336337373539373262396231653932333062623631363139
32386336313234663438336263323230626161373463363761366533323164643236616631353065
33343439383261316136346361646338383238626661623761343634376462313830623364393432
35343831313036666338303266323162356262356634373833643635306164643230656661353561
39383166363439383634383339633637666238393664633234623936653337643361613165636631
65633338313065383235633633393036363334353966613635666566363264303831643565316563
32313539643463373232666134643432643962643635323039656336653564306364353835646133
66616661636565313832326662343738373961366438653837356331656436343366623633393766
37333338343035663537303637383666633666373066646265386431303937643936383936666236
33383535323631346234346136643863356661346333343535303434656239343836663862313936
39643230643334393665383062366163393333343264323333386562353066343537373732313434
38336137646363636531646136373234666233646161626537643238616364623737353033333131
31386330363833616666366662383464383365333935366665383734313762303637613066333733
33346566383838376263343861373035313135346536386234636635343831316135386363386365
64366362313564636264653439333366653733343666663937323632613238653761353136366138
32363138316430393338386230393430363938373761343631383330353930313035313133396235
63396132333130336564663430333838383535646231343638323334323230353835303434333036
30396531316234653232386263356432363330346362303233343635363734633637323039613236
66613365346337656334633532346166326639343165373532636631323765343331333564306430
35366361393763306663663532326435373061663835373463366638303838656433626334353132
34353433353336653965356135643434313763633731333739633136613738386561363937663066
62343066626562373566343965366131393336316631623135363132656635623233373163393433
36656331393234313631613930666562666534333333663239613661666462313863633330306261
62396461646162393534646137343066313863353233303434306538363265346537396435666337
33643236363466616364623237343239376664383037376438386130646466393866636362373038
38346432343533623236623265666236316537323137383038356638613237623938653163356336
64643732623638626666316361393835376235346536623363336235613661316564343231653631
63303536623633633038633632353763303733343634343630333761313266656535646130373638
66386131653061626636303861396263326230303134383962656365323362363633376236346261
38313532373865623233353538396233623930306466646566656264323130643234653834636336
30653533346662366264653164613164373232613663356461623836643038643633363732653838
37643236373637646138626362323938366563363238623466303963386436303031643234393433
30313464666261346635613562636532633633346365396431333035333262333462346237643339
37343864313334336661386330346462363738323037646238353730363535336134653835383330
39656635303130343939383666306632316432353137303865366535323430373566653637323362
39373562356665346233386632666236303232636338633633373238356336306131616661373362
66336133393737643638376565633536653166363232633361663030346233383862323739303037
61626534323634666466643431636534343765653561626165333731363234373537646131663436
31646238653439653861393164363865646637353235323465343932633137343636636362343662
36313833626537386132383638316431323434633736373837303966313738393065633037633765
32643535646130613863306663386165356330316631323963613166626538356162346339323137
63643631663064356231353431623333396530326461666161663634326266386166323835646333
38316231626137636366633637306539323864326635633336343235616634626638326238666135
62386136643564663236646230303435336632646363336365313932613461643839383161313632
64363231373836326539373864343530656661393134326634623963316635323130623061316232
32333631353531313436646434306138383066396266613863383462343639393061323633333465
61363639376139353533306663383233643439666333623361326265323264336432356237386332
61646434653664623861393431333738333039383033646236633038383835376164313563386232
34333530326263383166616637326433376466333963373066393836336233393066643432633163
35623166343263373361656262623265623464636134653866386363376131666464336537333736
66643664353661336563623531643966383163343064623930636662626139383934346237303137
39633563336433343536663731653733386537633133313335303133306633336538333861333838
65636463663735333533613239653736643436646434303066646133633537613131323630343162
62383639656566383261313466643166613065346361636563386438343736633233396136616435
38333939363261353334303965643866636236356662663135376531363631343663396666613738
64646434326563316264383964663335623232373930656663353862306630626134656439313736
32343065666163656230666233323432313838646136613138343230313564313163323035663062
66333462373763363530373264343234636162336664633938336438336165376537653135666461
61643133343233313738376237656662376334376138666433306161323731623631363532333664
36343735653034623133363833333465333761653561346233323134613462623538343436653631
37666533346639323862353063353238623530376262613563313437663265303363616531363431
32336561373633303732656230653866643465316334393335386666363534306463313236396363
30393138393935636565666136346637386538346262643738623035393535373063316263613832
64353966363532333433366266643337646331386332313866303264333163613764393433636239
35343133373131653864343330306566366265306530306137316161323963663865336134316336
63363365626461303336396632363435346266353166626330366461653235626538363862313266
35653364343632636561363266636163626137663962323638306264663038323434313339656565
39386161306537306134613565633366323661653066343466353433323234623638343138356439
33313633326362303635636333653837336238613937303032643837363264383061323931613236
62396135366564306430613034373730333231303939336631646162663837323532333661613631
36613461636232353166326464326637393232653431353632396531636661643731376530633633
39313432313061356131653532323339353136393833326639336563326362636165633161353039
30316633313634643731303839336263623361616133383037323838613664323263313239323765
61373062316165303332306235323164383938633335396134613732373438356536303161303334
61343764343365366635386330326439343162623164373865613037656436636131373965613464
37663937663838646431313063666438373730666566653161636462356138633266336231323966
39313836636662656238323533333938613832366333356532613366366539613431636338343835
66376135633435326262656433373634333537333363313433313061386435656162623633623963
35613234646337393265636333646534326135613264376666306162646537376461396634346561
61303935363338656565653962393866623865386537366530343735623932396131373238303539
33643437646431366137356237353664383533333731373335313834386236323036383935343366
33346230333163356335376438633064383231323531353363656266643831353066666431646365
39353938623236643734653638616530396630633561346664643633656131643561343839323235
34646166336434663731646635653739333434383862646333366434313665336530303738616133
36323233333733666239383831343634613766363061663532306461363735353464303263623533
38373062353133313039643531303236303762316365633231393230386261333936646361636532
63306238643438613461643933613530376634326564613635623335613764626635373332373536
33653130393930323064646633356364343265396433626131316638646434326431373032356537
37353531373831363336383361613963313263396261366531636235383164326233666665303738
39666135616132646339613239613631633161653032353437383463653637376637393765383865
64376665323039666237333564613835653231373432356330633535626139336138363437613564
66343762643236626363663135623766633339623237323638396136383765316430633335363164
32666130343861633932343036616433343662666662636566653861343434366664643032353065
39376564333534373764303462643563316662336333383438316539613735636333336639346465
30333835303338346130356531383838303537366334353532313837623364353761666264666462
30326265336438343731353639636264313565373830353136353135663163386135663834663137
63363738303630623833636231393832383639656562363232363634363833393936623033303732
32373437353937623566353132303864636562323263636337646634346234383036653861643239
39646662343362633361643937656664643632373664333165356535313439303530323961373765
34353932366131623334306130366338386262623866313834623965346661613038633233366137
61636438333139396565353932646331633034376333363935326161316433383734396238333836
30366134333332346363623161383965353562323330396432396237376363626537383363313666
38613165653366383563623661373063666562366237303666613439333938306661326164663330
62643835666161376537316263376337303938326132363734326433366661346232326531323862
65363035306537386562366631323863616335636634633431356131626537653466383164303936
34663762646430376339353461303233663236646133343461656339623331643336363635383431
31663630313432396361613061363366363739663565613032363538363235323863363931616165
31376434303262663663653462663461376231383239373539616264306237303834303133636161
30616230336462386262636438303964653965363262363135393466646164333431663564326665
62653331393433623236333262313230623863326134326562353435343065386630663537323762
34336662313034626534636463646534613232363337313462306639323461653465636266376633
35346166643463393863363831306637643338653437306532353735313532643261393461633466
33646263363439663566303462663038336532633065613336313161636334333335623438356131
61623531393831663064343035663639343133356531333637383262386632303066383035386437
61366465623832636230376631343034313839393338623263393137643231326430343633333337
62656237616332646463653462653662313666363361383430303330623231363938353233333265
62393631613261356633656663623865396562393366383261636431336430656663653532633134
63323363396437316436313862393937393666666330366236636162326662323537366330646232
36633835333330363864656136303535636638613163323164653135353161636336666230316136
35643436616339366138336432626566383366613834383031656230393961333537343862386532
30346365663161393833376463373763306563376633383234313463336165613265663631613264
30636430313232366337316332386664663331363137386236616434333333646435393366323763
38393334386161376665373438656264663961386466613132653565643834373863663832646631
63376539366539303537353165616638653135373362386661316463626431373430366230613463
66313264636336626335633264393739363336353533373231613265643634636132663831316637
31613663323431333339613433623134313066323064363262653931663966366564333736353136
62353237353462323337303238393066663535353839393835626539343833313836363832336163
61383065666363623566356238613565633564373933623239363836386631383035653333396439
33626662323630376165613131326261643265626234376435393866313139323530353437333265
64333632386261656139656437333663613533663438613263636130373430313464346337373130
33313234396163393430376336393764346133633838363761363961376533306666373031616665
34313837336238333030383638313530356433313136623834643733626434336565323733333835
38313862313237633738323965313035306633383762333862616133613864653763323339626336
63633334346537613866316263663834376264376462636363323866393637386563333531626235
66396561396639643736346631353432323234373234326637343135393930393163393735656538
35366134633364353334373864393637313137656438326462373534393838616531353033373836
37386162376566343462343838363062653766636166666366613661343364656237346238353766
62366262323865616634643131653539326130623337633634653133383434313932323133326330
64333036346135366439313630343838383330613566393862383764363365616266643038323630
65316338313761366232373431313337306136633762666236663862623034623738383136666361
34373762333637346164663539633462666162306430303032376231363239343034623538333636
63303537393463376335316266626166356638306530623934633639643966643635333639656466
65666664353630636662363766653835343330636634663163636262396639643761313864643437
65326566343064343536643165633437626261323862353262613138356436363734333630313636
65366166386262663530653538303236363165306165383338653263643032616634636362653165
36633436316161383530356632333964636230333431343761333830396461396233666661333532
63386365343563343238303437633666366131623331343931363433363235383835393737653566
63346632353036366135343062373932323765363430333961373334383132656164313732333762
63666237653432326236386532346132346461663338653530313862356261613265613063366462
35633466666635303263386437303037396261663237386562366665613735396335336261366363
39313036323837663232306530393736313062333765613633313861386531663763623332333439
39633535376135656334363661613337376639353061623030353062656666633564303635616264
32363533313364396134303065313433386335383038616134303961656665666132393739346237
39373564366231646439613365306461373466363863346161623438656436393235633736343361
34663334663266666534626662613861376530366231393838333764313234323532653638393264
32626130336664363262326466616163643464623832346432373663313331663735346638336562
63663634383735656461633665663361333161386530623035363139623562636237353161653932
64663963343231613936626162623262643466303564386235663061643831313634326336623463
63323164633166306433326235656264383933623561653463346332306336386438386535643031
34633562666130663965623930633662346564303034366465656465306334643362346362306662
33396361333761373833396137346566346164623637323266613737613266616339346666333333
31303431653562633735653861383734336466636537373931313138633262396134383364383239
34356539396161353439323138623734613931363562656532666666346531363433303332373539
63653338396135323332343832346337383536383034356533346362386162303966653133376132
31306136393736316236303733353166326265663163396363313965616234643363643266386366
66383865376165383262376162653366646337363164336662623033373032396232633066303061
35396335383134333132323736656561373832653635343762646364386362633336396336623565
37393063303965323932333134353839306561636363393966663562656664393936626635633930
32363165643064323531363135656465333336383765613861393264643961613830336261383863
33666139376634663031643233363431643664383837646436663230643733653164396464333831
38646665323436383732613765326465343536633233653462613830373937663438373939336135
66643832396531656661656231323035643063346534306231306239613330363136323738386534
37616331383563626536383133323231306137313035393762623037343366373865656465346433
32303335353966396639313534373338386562636330393132643937323263336134613736653237
34663665326365653132303739383236383230663132346235653937386434386636326163663465
63393934373337383737343737396163633339376362303932343166613465373666376130316531
64303934636535613932613235613937623335346136353033303930326536336330363237623663
64613632636331383135303832346333623637333465633062666635333338613436313865626130
34643364663235343865613861633234363330616665303939326132386162316562343637393533
63663663313932396537653632376263316139663761663738396434643766623031663964376335
36643437363637353036346336396436666564383836306239323032633263353530396637633361
38616164313138656435353137636235613035636435393462663236366165373934323136353335
35656638306364646334366562323061323034356433656433316462396636663431613734306463
32623936663830643936373131363564626263303561303337656330383866343462323536636636
32616263343031666433363937313436376236326134363039323132323133313236383066373233
33623437373933346537396234383766346139646335343363383935653538303732316237613263
63636637613230633730626439383730353735633339306330386463346531303933346434316136
35643337303263383765613538633636396466383232366461396438343163343763623538656631
36363165346135366634633739333030333532343739613032333932636537613233643136366164
39323961316438373366303333366334323039323530366134646536363663303936326233343838
37663166353036393363356538623032336635626539313535396539656564346134393034386333
63656539323037666231626131643166383030636565366464646264623036656161326333336563
32666162643162653265643062333861623435356261383663366530353039633537656265323130
38393839653238343330323131346266333437393035636439636630353164303639653533313435
64343761323938666365626239376436353264393431646432626436663931656430303263643237
62396162323735313862363235633365666331336132353134623962313366386136626666303463
31626237663762626131393662353565626339663631666332613566363066313936353335386466
64666234333237346264386665623663613961306464393862363661336562656233653439323832
66396235653637666138633763643761336231333062303763393236353838396666613031323932
39323437393135643730656533663665336365643164393466393664326262393833633535656362
36653262373131306265313063656233316466386238633538373365626639383131393462306536
66316466333863343165613335613961316530333834333464613761303832376538353232396139
33343431336532626438343261613865373937306633323830373037373161663161643739666563
30366437373161653266336465636333653936393864376165376333326637363365313464363566
33646338333032323766343461653439646266363034393662346365626332383863626134353331
37323831386666613730633133323736636263316334663662643734326537316335353134626133
39376138363238306133663030323339663165373863306339653334386335636135636161383139
32383930383337333664623034636463346565323030623164633562323330386539623062346137
66653833666561653430633539346663336331313564623637313363353332656136
