$ANSIBLE_VAULT;1.1;AES256
64306233643535353263623730376632653230313239303630333837643066343766616466323534
6663626235396130666135333965613565393137623863380a613034623232366164666339313832
34336366326538363637336435613234396330626637366334663537633635623932313663333232
6433623965386237620a636538663765306339313930653735376239373739613335353937383731
37363063636364663937303933343739646466343461383565396361313138633238626230643464
39376637613863636634653161346534343666386631386437646131356139313634333931313763
63326164346663623736613261643431346336373733343062323631386335313664663330343036
61336538363262373931633534633731396262313733616339613830643863373131613634366264
30613439383037313864613539306439643064313063663133333363656336643664356232636162
63343231376539396561336365626464333331666139356535613930396264363931653864363033
33386564616534613238343663356363376439346266313831393163313133623930646133613564
64366137383065393963386335373838363738643836633633633964303532326630303062626432
36626632366665396362626132666562303162383332623833303239343736336135326631303037
30346336663232333635363531393734636465643736636264306561356435616164376161353565
63643765366636663964653261363762343666643038326436346165613966346165363238366563
66636561343766666634393235366631666335363333656432363064383764336334313264613066
65346163363839346531303938643437323262653935316637363134623330383363336439616430
34363661383364666638336138373865366266306337366136613832396535393731636430663263
34363565633865323739363265303139376561353436623235376532623436336435386431363836
37353861666230353537303738363131326334306666643233316636636130323865323261396364
33663665326239323637643534353566336437656237313361343666646363616563643938373461
63613434373534626636356365336465376339393238616238333863633766353661636565303866
61643437623665333335313434633164333633333666643564386631363930616536353161386237
32636531626530376363323966646333303038663931353936383939383036636362643764613766
65663239346638613763333337363562353739396431373566336437343461616361326134333562
33376630656533313734343830303839366635316637353231346362633535633533373830643562
62396332376363393035626539623135366238306534363065636233346330313733333866356232
36643961383133376633336638653036316265623130386465303838633831643564323737396330
62366238626463313335303264376436646233396533626133663566336666366534626634393461
66663239626565633537353866636537643161396466306233653863666633363130376330303663
65653764633264663536313938386432646138343133303566373834303933316439663165663732
36613361323730363038646462613536373935363235623939303336633932633931646638346564
39303837336533663438373038313137653861346134323831306431386234333535646565323634
61323239303366356232373530303930656435386433333834333033353766613836336666623662
31636462656138396634373939653738333564326432346665353066363761356636396233303037
34656633323364356264656461616435616239383433376566393864333937666562393737633030
38383766636636323638333039323931326261306632663433646262656332306261323661346138
35306436663332373562326166663634313337653364303961316134346632313130326163303266
62366133333034643265663131373739393264383033306236346632636134303232633263643962
36386534616135613539663631356432666364303365306330393339313138653134636232343263
35623763396236626461623038306336663739663136626139313730643132613536376562326131
37353134353034306635363062313861383230666466323232646435316366633764633261393137
37666338366635326263633938656464616130313539643564386363393734366633646362353261
63356562333838346139633239313139353834353263626631316536393163343639373430316431
66303136666336313062666366633639613637386437623362656366353566353337303963313433
35616434366130333561386534396538386635306430383763616636316234663031363261656162
37643835316261656565396166346632386666336564326537323434343865363635633832363362
36353132636163333265613636636264333362626230376536393963313337636232343137323738
31663565663938366637633164653030313566363639643930303061323139623035646636383462
65363936306163633764333938386465383837383764363363653331646532616261663532343631
35383662613332343165623465663234653632346436333431613635373336373863313530616239
64613230383639393338316337336433376430396135306362396364323738663462343938353064
64383035323139326433303732313734323236633031353361343436373263336338643235623666
62376535393935366636356462623232323737303663383334663832336666326134383736653132
32363664353130623364343966316562373063323261383833643938316235376631376634373962
36393266646331376665616565663837616634666538306234373964313032363438376562383237
39623437383934373435613064346463343866616164333934666537653834306531383533376365
62316230306131636563353634303664616538336431376138353638376239353237346239303538
64303530633138336430666466333464336539326636663666396332626530336434333739326634
38363332393936383632343363376463646333656366326465643032643662393335636437323633
36343735373062346436623935653130363434616631356661366262336363306532626130366166
61663962663935376234323866383236366137643835613031373866346362343363326637393462
31646135646162343265323764666262366234626430613036363939636439383864393464613236
62663663313261653365626561626261326366363638653532643833353163363961393263613534
62343965356632373630303838396634366135666231333766373863623736396462323166626633
34373864356336396230346334646362366531383439303461633339313437373666666332646432
39623366666431326666653431346338343864383638643031353535306438613636386236383361
30366261353239313066386537653030613732353064323466336666623563636138353763653335
35303264613032653963373864613933663832343730633536633336613832323132323937396333
33373636643565626665366531323738336537636635656138613564376563333266303937353034
31316233333937623031363938343666383563303764326338396437623163623835663734383932
39336365316633326462353130353937373336393934383534306366663833636266616232653335
31353634343132653366666130373034393365363536356235336433663832613936343132336337
31353535623135346662653138396463373431643637653735386334396139336632393231366564
66613638636462383733623164386534623935373266303065643432343362336565393330663466
33626164373535323030646261626164663936306233353330366630663962356262336363386163
39316238343733383733633032333132373564653864646531616334366136613836643930626331
64303766646434613731323262646365326231386536633161313531643663663365336262373436
38313335323838643365646137343065316535613262363562326566633139626234666637643666
37663464323339616434333038376631313762303833613035316139333466353731653061346661
64363861633939373666666662303831656436316664363265663761626163346632633635313034
38636466303962303631643236333065393364633465336363333436616131333237643634353430
38643262393733666566663238643032643163633039663431653565393935663564653736633534
66383335336265313162383233363437616237653831336630343835326563366135656362616638
66613534616332666663333632666561623131323434303363626136366663323836313736373033
65326562333264653830336238386639613435626537616334663933353662336537613735386266
62616561343231383665316332353038353936656633616236666235306230373637356163306635
34333238333666363539383232316131626166623864376237666664653163376139646164636337
35316230373537643165623566663362386630396538303436323461373265333432643663623266
38373032303330373333393162393537383430303764346332663734346361383538343362393739
37363864346138653261643465306437633734613533336364656335393439343766336639656531
65373766616531393163613063643564646631303438343231663664343562643465376163663734
39643637353065356431656665343633323263306166646333313237666230346366373736653366
34666132336435653164306233353963663763333365313734303531303165333830636362323661
34336435376436326566353765626234656463613434646331383339353631623839613566323437
39663539376165343636616364613939643466326534386231333065333463323330643937316538
31646131303034303737663837366337306564383433323236353138653337633239636334613266
63613738663931383436393433613866363032373837656530633638363033303338613739633138
61343736373061383964353835383162393930393732333731643265636366353636363438306166
31646533656330343835306337323864653432353131623665653339336637653262336536316333
63326131326138663262366439323135393231333863633438353861343534306465323936353036
62366234626231353962363938636535346136633636633735656364653039636265633765333932
66636661623434343064303763343535393933356430363966383461383562626139636161613035
32306131373231366639353935366265343933366363373834353261323038343765653062616331
32356337373634353431393763396361303534393864393531333562633830386361386465666536
31376166373636363836326533316161646136663562653732643633376566656566636666613230
37376132336562333739643432626263326436383838646461323136646561373430376465343535
30646237346263383032646463666235633664636634303731633366386666613938613733376263
64366163626335346266373338643032376635363766396237356465333338353433316265343337
62323162343966653162663033353930633937356238636265643163336333653765373961313137
30623565346338633266653237306364303137666461353261336236616339383262396130366431
35306236313965313531333837633762643536396637306130303634393936613336356663623061
32653862343436343937333930616365306434363432393537366234663630316566313233623563
39353263363162626535323737353434363764623432373166646338343239313532373363303335
30383863653038636361613232363633366532316265366639383036336336626162396665643164
34303932313138656330643464616133333335323465663938323334313962326634366364646331
33313033663438626436613833343535653933313939306264626265393234313864306437663661
32636439333139383563646564613732383865613339333732663037373062653030356464376538
64386532313663623163663561316236636336363665393631373835346163323237363736666333
39356464333536333762393666313935653161346530306165663836656634306634383465313564
38613564386139646237626365626530653235383435323061373432643030323433623337613634
61366465373336323931366233643766323266396262633266636166343766643437636238663732
31663036616331333738643564616338373134396566643834386136383566663635343137613935
39653032333537373338306434363364383062636532633336373063666663633537613736643161
30633239313865326438663432313638373466616233326235653932363162326136363366363830
66616637316536326538666535656235323133316636363331356337386261376238663437376536
38636466366636346366323431396536306532633833613661373037363062313139316336343433
34626634326635303137326335303736646237393663613732303538613165376435613137336463
35666165386330653561313336396435393037333737646466376234373066383461316562613432
31373461356134633839613230373031613736346261633836623866656538356663336433626262
64353937326335633065636266333137373138393037336532303137316664343636646437373837
30623532363430363832373234656164333531633232323162316134383233353464396639623039
38396635386137663032313964646230323631633432323836393830663336306435306639373538
34363461303135616664313235653837623164346632333061336139356164633535333534313963
64333938393535323236336362313763653334306262376464646633623333393362386166383966
65613839313731386663343133303534373962333033643939373766303634633061303837663633
61363864623965366532313938336333343830306166313436643231656666633230313465366565
63643935333965323466626463306139363134303362366166323437616130373363313736366633
35316536636461363838343761326637643431616565373664656463393836666161346663383430
38373536616433316133666464306237316162643262626336393863633432386163626633663436
37653766393332376637656366613232656435383130653232346265633264326639656261613033
38643362323637653963313437626135393637303762366533643766663762663830316362633764
65383830396138636138623563326566623936353963613839313561336261396364656161393166
64313063376363363239386335666334353733623738633235653731303534316366326435653134
37383534383632306164303430383666313434623230313438356431313739383639303361373438
37643039316136376137376630386261373433363265376665356265336261616630353537303535
35646563353165653961666331303863353937383664643130656134633334333365363361663138
62656233353963623839643765663234643862373863396661353264623666366565386137336139
30613166336566626137346538386138623263613631663937366135636135316539356636633835
39666230303266363638643339316339653536613535396431623938333361353630383765313266
39616132663230633134643438343635333138643832386639383661656138646335626633663932
61336336313137363563623739643635316234663563393761653239383266663538386534363139
33626334343230653862316236336534626363313035333163383430633333363736343765356236
65316365656534313432656431316638623764363466366566346532343063316461336439356239
30616637306633633264333965383930396463663663326564386364636137353839313566346165
65313463653266636336363833366563326537383038353334623530343635313136303865346564
61326131393838303137333031316333366631343135356333303935386165333064373333353666
39336463663136633732386337303365373530373966393839626366326230333636643335636436
34313437333361616632316437373366623137306532373462633635356632333835366665363834
61663566666435363739636439306165323030343664386438643466363036373135326165616564
65393033666366623135616336313535383232636136333165623863333662343436643933373433
38643965623763653936393537303030313065303138656338323032333331616565626265386136
38663238633236313366313539343532623637303237393961393535306531613333373464333662
65303030383235343765623133643538663735346164636665383964636566303363343532366561
66373532363233373435373734346466376436396464323430323664353435316164336462623533
33643734333634396262663931396132313865653633326137316130363338393936396662393165
61613839616165326263653531633038343863366465383039356430363436666239383161376562
66393166626332366634383731366665653764343439346136633565343234613666363537386335
33646132346634663666306630363836353066383438393236353631326465386661653664633837
35383337636562656339323261346261336466653430613034623564376633613134313236333338
63333836656432656462666439623765353266346630353363313866383736643138633135623337
32666164343366393663626335376464366462356332373265613339383333323465316263326337
63333262346334393630353533643838363934613362306262333164393534313038643439663532
64343936313231396530363838373532623439333939616163306136373663613663633931396666
63313636396563666666316465393465303165343763636332663539666561333038623531383561
61333165663064613832383132343834346336363264363039373834363333343335366431313666
31303737353433383133396331323831636132333737316663373664323438393064323762333163
37326632653664653863313633626233363730343030333463353365363264663932346333636534
36373435363433353036643364316137323766633134366462656434343761313364396430363531
35376336626236366536333736313934643966393633393337303737653431653464376334373065
61316564346630363234666534623135343266666265623730616262633562333862376166383630
66306637623462343333353337303534383264316639353231613231353835663366326431643338
64313338343732613331633162383834626365313064643535346462613034323632663465326131
34333137656137323634653063346230373337663838353034343534646231633563623562633165
32313435396633653735633339383231313236363664373533303532613862623839313931643961
33333361626637333434356362663238343137663362333034333136356663653561653231313261
35363162323966623566643236396465656361326539313466363236303439613434666337343566
33633831643230396531666234373964313366346133646566616362306161636662366133393533
34373761653435356465616464656363353332396333393832323037646635313462323235623063
35656639383462633238626438316431633363633039663966623730353339623264643435326332
66336537326264666165353636643332316563656334373234613461333036646137373264363063
32323263646538346365363363313566633331633937636435363161326438333563616262343563
65663634323933353031333538333431633830353435343562663162626163613733306133313833
32363334633133363066363234653266643166313638303864633737343736636664303165653133
64326533663761366264356562373864393330333061336266663539633035646165366130393835
37326364316236613131336664616462383238336335383739663432383136636666616231663633
39323936653536616138343733396335396437623133333462633634623430316363336134386336
32666633356661356539346465653732343266666562386165636535643235373934393939326239
36623737376334393136303437626433373234333232316332393464663465386530356565346165
62393165616136396338306563653165386662353437316136323133383534636638373034643064
62313963363536633562373433323731333232313931646537383939666562313235353561336634
32626464633262346438376635643461643130626166376561373864663139386262383033623462
36323266343132656266316238306134326531623438623732366537373634303434633737393235
34333634343262663663356338363063633336636361353335623139356236643630383935363835
30306230613532303636326534616532663934366334633263383437336631613836346161313464
64356134643936333939623766376133666162636436383834393536616266336635666135333835
36303061396438343030323561663864623635346131363562326135643464373630636538343933
62656530353664373362383865353465383333363365356538353866353531366532303039393333
36333362353037376236386438653434363537643338313939393039633939303435653931323163
34373934643463363535393632356462356664646262616438646266303161643231396232336131
66353265323261643662666633343038623432313038316236373563356266623433613439376366
31636566643063303065636134366565393164323532346365343161393961656538313835613831
30326637636663336533363133666535303566326233316139636361373330366439353735373865
31343061666330336631346138656231623734356237393365346337306533343737326531393333
39373139393765386435616564353761626335303364396634613963616334613630643662613062
66636630666633613265616338653261356261396536633166626363633863353864376139373331
62623833343039343361366264666462633536363136356235663031383264313331336433656236
35303531653066643461366363303965653432353131343063663336323231396463633966663763
39383166663666396262656537306464646632356336623161623362616339373434333362316139
30623933306661313961633039613563383731393537303961376364373730663537316636363739
33336432383035646462656236613964656532393230646435363034323933326233346462356238
64656431313132363332353866313363343736373438636433363635303231636334316366653036
30616434633436613066333939363438353038333539336134383938353937323163643866373036
61306261376231633130646365643333653531393065643232646336663362333837643633353535
61386333656138363731633164383134306532346261386138383763656436623661343036356162
34376661393132613633613536316539656134343363353234666562353938653335336332343135
65613737656536656632343233656131306334316131393433653135626135353233356361313866
36623236313162383233386166313035363038393362346133316131653534333533633937326438
39646263376165633631646362643239343961636439646630313566643138356336613665383464
34623835623133323562313136333331643731613030633366303266363335356336373133373063
33386638393534383230373065633139373137653630636564326139366435613834313130363234
38383564666564663239656630313830326162386262616236383765383139383166653966336234
34656362373437623834663235303933326462343037393562366365366538383763303437363663
35393561643239343963323862336137333766663365353239633763386437356235626164316231
37653335376635376336303863326635623132616637393138366430663934393862346135333937
65663862316161333661643764346530386264393330316333323665633136356362366638376565
39376536306263616432353633396333653737646536653934613863366637336637316463356133
34643963316636313339386439653631613165626539353461326436353562626130616365383036
62313438663835613530313732353736383432383363343834303766396538316333616339383232
32393961323430366337343238386433313763383334386364306334613838623561323739623530
34656164666562633433333436373165343331663861663330396637343664313966623464346633
33623931663562666464643039633762623132306631666239666564396462333438666666313631
61376132613632623630393462316531333830366466343466393666393936323630323966356665
65333863653838303332396233393339373630633463383664656539626166643438323632386133
64393237643637383536343638646233663465363232353865633031363964333033656439623331
39626438363437643164303434393533663465353763343564343065656131623330656561323964
37373333393965626330626463663732633536386237316539336639643233326663346231383465
32333462306539656334343465346430343031383030636234316436356666656538353363663535
31653133636132656163306635653566633061626565663937616539336131363366363935653334
32373666353839313763666662373864613931346465356630343332663737316237303230353866
35623166396137313936613830303864633130383231616637653732303636643565303336616333
33653937303965343464303366633730366162303334313166353863323333646631376361343739
64643738346263373361623262313965373864373163303965326661626666346135393261653562
35626462343065653062333462656532333339316637626362643563663132323933626366316331
61613434373363663831343037326632303065383033373732353730346462303239633631373565
32326665663336376662303231323861663334363562616563633130363865386636656339306137
36386535653862346334653564336334353637336639656130346636343233643235346536386132
66613965383063323135326637316664633231316663306434653735333735306430393736663766
613235633638386636623233613066333031
