$ANSIBLE_VAULT;1.1;AES256
31303232316138303030663734323761653732346263363964623762633164656632346264383832
3933353266386163636166363034666332653432666437630a626562313831353936356161376136
31373965613130626161633034356537656664396662316233303165396562653761663130613866
6135613638616633390a383739666339663533393765613633623361376432313264353338363335
34613533666334303435383933656236663137663864663430653037303233353161383932646663
31623965373734663134306638633366616337653366653165333764623838633534313661613063
32326262333666386564613264656165323863336535396432323438643033316532363863373966
62313162646465336232336436653935333931353931626131323431383966366136343462643663
61306566323363626632373231393731346161303365323364623232633436333034656633333733
62366466356137646362363237356161393839366263306136386639316164636331366131343837
62363163636532666234636134613665616433353964363738613835636261336536613763356638
65383061353565666365643638316561643262393134376338393966616563346533623262343133
63393164306334336438303333383039646166363164326337343030333537393838353539656539
38373265323938396333383436666337353333643132386562396239653138363966366162666266
31326533656237303530666632343439363633626333303331316434623562623661613338343563
34393434613737373964636265656636333637636531396332376663323038653465396364653936
39336431376230663036386461366464366565646534323237623239353330393437643333383566
64373638353932323431313233356336356435356237313738396438643264666166336435363964
34636235393532343136613631386232366162336438353339313735323334386338623531336531
63613935343566383166316630666534343030313534643237633663666161653330666235643236
62343839346136313530333164613734303039333636656637613165343963333237646130363833
34633339323633623136383932656364383139323731623633333236306135653237626332383563
66646538663061346662646337303861396530336231346237383663653434343036313437363637
38343038393335316164303962623030366563376361663431633239636463616231363536336238
64393337643434616437393539623936346534636238656631396437633464313935303062313039
38643662656131393162346534383636666563366437656330613462323264636335373833653031
35336135633332306265306432663464363935383664613336303731373330663935316265346266
30363535636337306335323234356664616235626263373932653638373633643062633035326664
33363665613634373933656437353830626539386138303266666232396433353366663731316636
66303438633232613939633938326132343562623365333031386231346662303334303336346637
37316437326439306337346165356464373031306437623934363630393765363934383066366536
32363933353765386432373636326335383738346536306561313232616265643962373665326630
64366265363364393537633237633630393735366139613134643261663539353863393663653262
62626163343736363235633834323166383438393736656363336639393364633862326366333332
37646333633331353963363263626636303739303635356239343831666439353139326330376234
62363161393739616566666363343466643662343138323436333462386232653762656138383739
30376536313635303036653133343435373833653934386563646662333263636238653333333039
39346337623135303262333433656138383636356363333432333932303763616666643632643964
35333636373236326337623166356637663238353566613736313365663833313763366636323234
36363266636666323336643763326534353333633738346464643330343330303866323639636330
35383337353431323962383331636166333164393734323030303036623638333464346432636539
32663635323932303838313230323065633461376133376538343965623362623437336538346461
65623837613935653264386132313331383838353762343138373266363239356639646631383963
32623065663035613731303666623362626137316138376537366432393033386164313866303537
33323964336436353134386338356439633536613331303234623034353336653631313431383363
34383837613536383837663664366331383266313236646632323231373665376666656161326165
36623132623737313631323939363935396664383830346632343234663161353464626238663861
66303736366133353739623732383764643335303734366564366564646230353135313330313564
38643234356166346265663637316133383133396161653133366561616664316137636639616635
35613863336135643762333164303235383434383532336262353165663932353266313066646238
65613735356134656464656431666461343530636136623935353864393134383037396263626465
62373030393339633834383165616266363565626239643864663236376130386565643031626333
65383834353033316538636263653465643764346562653031393032656262336431663966363139
30633764333530333262396331373766383861323632336339616337643335353634663064306162
66366662336663636230386162623133326635643166336536626334303833333461623035396436
31386637383934393466383834316132623532613235363130613764613564316165373034326665
34626137396236376230383938353533303138333939373364666532366663626165623761666463
65333830613137623961626535616532666662323664363265306266623530356131613365376332
61653864373166646138373130653835356530643637393265303064363233636330383766663636
30376335336161313735663364353738613839636239333537373862623432363030613633343231
39343361646562373366653237613262383336613065633263393830363039363332373363623661
63303537653332353339373239656162353763623736633438303139663831346364626366383761
66346261326131343366626439316632656461363537376436333661313636636166353136643564
63626439393966353265313761383562393632363439386530643333363063333836376135323439
34333838326233383562623033623930373864336565656662393039613334323665346338626333
62363739333064386461343732653633623033303438353666343736326631366131386166336632
30393430646533393136396165343063623062343231396462616633653335353139306563313630
33396235303165346132316264636663666263376263333965343562313061653863313937366364
36386133613231376631636432653664316265613033333739333435393830363634613234313532
39356663363835383331373962373039343436396437343130386637326562616661613435313637
36363232343530666238303264643565663363353534356163383734623633646530323332393135
37623664306131666133623234633935393334313630393464626135623832333364613034393832
63393164646430393238613564333062346661656465363631373537336164303233326337363233
38303731306537343061393030613630393332646461643630336339333864613837346533343334
63326438326461643435323239323832313738643265356330636462366530633563656664346530
65653733396431633232376663623237383861663634633263656630633665383330393330323638
34633736643839343762636539326635656131626134623335363032336432323837633638643236
36323130333133393136653333616566336130626431333461393663656163646362363536636638
63643632623832396532396333373937316231343338343462316263373830663039316465653836
65646238393762353462336133373963326163613930633732393566663761636630306335656637
63646136646261633831316363653362643832313337636432346536386234643730396534393633
65653633313531363039333964386166313262353638333833613463646538633139353364336531
38653336323463336338346233326565666565633463663536636336656534316437643832616339
39663331393266616461313263663134666463613763383764333135633964633534356131366162
30353339373332316639323666356565646530363264643035366335643666353264626263653763
62393332363364633236343232643434306261636335383133633862363633633432633063643635
30353466636532376161333932323432636163393936643066613932383938353238303166643930
31363732313534333163373265386437656465343234373666316165636234656433353637633433
63326365353338333734313663613730653237323536363763613862336130646334636339393531
66636439623236666634663630396133633233366531356163626164363864323330346334613631
65316133633338626563633964316435333262643137376666653636666135346530393664393330
37346539626438366662633632643363373431633232333036663530373030633866306663333933
30383263633735396162393564343332313635373035316564616565373538383837613261636538
30396333386164653666626631336362383937353535653730363539393833393532623837353030
34613463656166303135623365336634383963623134353233376432356139623330333061646539
62616166393731326431306165323938323133633736613034323064666662656634383632336639
36306532363662323361396437623662346637623962343938383463303636616636626264376263
36313939356261653036663539656135373231396635376639626665343735306134323831393063
64396262653337633034323862333730376535303937356235326138643731343737343566373438
39383965383731346231303636393366643034366530653466346433666161636562316664393636
38373262343931623064343337323139376461626161666166653335653934333664373764396462
64323933613039316563363039383037616463386563386134646438656331613166666232616165
63343666613039626434383135313530656665346439383639333538373563643730333564363832
63613561656235663835666566656563383330386661623032666336393835303331373134363331
63663832353561323136353762353737396234613565653566346331346538333561666366356532
31373732323661616433396534376564383366303130623665336338313437303139303538356530
65663435303539393236613262373033623264646161343739616332653266376464356365636636
38616163653931666561623936303661393638393538366435353363343831373036646231633639
65643563356138613033336639316438356162313837393036363263363865666231393238323862
64613938353534353330396530326435353330666430373135346466353465656465663238343331
38333435313237336531336133653635366538643538363234623565356533393831306466343739
39386238373630323830303166643632613362663835333030653061356230653732333238383766
35663361373231623062363538393461323763323939613365646635633834366439393463653739
38623236353561343638653430643632383661643661666633316564313635333661363030316234
35303266326561333333316236376364356264616137613465646465346130303630316564336464
62306534636339333061346137376439303764613430326634643431353537363630346564326338
33303537393338346566373038626239326234623065623766666431663633333630633163323563
32373466653130326237376638313930626436643166313161643133666264343364373936656632
36363233626266663036663666396536346138626363376361646230323163333437316437326233
33396438363665643433646566636162656439653839663333343836653638636537303232393235
63393966646234333566353430353562303538616361633137653938646231336133393465326263
31343634326666303034613935616461633232346137646166343436643331353833626238623038
65336436343632613163626264613434356464383830316464383838303234386164373865383062
30393963383262333532363735356561626232313136393434643565653139333939613437616437
34323466313439313064623264616631353637343134363437636436313733613432363438383532
31323435616539366232386262623935326130356231396539383039656564313539383466376438
63373034376664626539646438343733653565376338353962356463383539396439623434396635
65626165643538383032643765346234613562313730626231323333306334366338326636666638
66613235383362383438353430653031386363643938656634333930656135383739323035666139
62653062303333636566306132346534656662316162376166373362303164643634613038366363
33666237346464366335643266303165313565653036613663333562636566396161633432353934
30326535646464303764376163326664626335313765303834363134643662363661306133613862
31366539393966376637326334383131666439396134303366383766613230643536396463396264
32323265383031393565303834613662366137346330313937313330376464616135383263626437
32616532346661306461313737383362356162656236656363623563623033666633633031383238
31323761643965353138393063393633343733613139616565616264383739353834396634613737
37313532353765353531633538333432323464613538306336366263353832666431653234646131
38626639396531303365633863663537636464316136623733346236383064333335393266383434
35653662313036303237326239326236363238313533333731336261396237623534343066353061
37333134316234626636616165303330626136333461643463313566656462626636653533326436
32616362366265366530363665386135396436633838646139343739653632656562306336396236
61383632643761346262626435663666663762373430623965323864396237326136656362343734
37633764333534396330613761396239303666356466653433626466303939373335663233613464
66386234363631346432393665343235386531666530336665326135313265396464383633356238
33323965653830656238646161343031643632333835393339663661623935666238646364343162
64626563343633353263306330363563373134376232393165343065363266613164383332393437
30363462326336656361313665633564616365336366356366363638363934663063333366363833
62343137343737646431653238663062616638353862633133346236393761323366363634356166
62373932643639663765353266343637323139636136343932373266393931326661353039366632
36303537656231623161623633336334636564666430343732316231663236356166646537336665
66663266643832313236376533376666363761653064346436616333366139616432343434366330
36363662623764353661613835356264633532613530666538343963616136316331366438343331
63323139336239623764363031323032346233303466653038366461363166393833336662643834
65376539383163346361373031653332313737636463303062373734346337313966396437386635
61323534633461356161323235386365663362303831386435633439616662656133313938323262
37306461616465326366306162346631363466653035316432366436373231326365343833386235
36386363313664386166636431366330346430636261323961653337643464326135333530336135
31613264316534323034613135656434373632326263633834333832383063666463323038323463
33623636636664336539326562353335313937376434323361353639383137306534666561366432
36393832656431373938353761613538316333373830373536666133336234343139356561653936
66613531626564626530323466616463633630646132353734343663376564326665633436373665
65343965303439663935366262366332346163376264616434663533396438313862656436323735
32643662653230623836376634363962316639623130353932393331386165356161663936326630
63346233393133613735396536366539373565346530646136336230663236346631313938613465
63623139323637613666343931353139336536316435656339663439613332613962636638396536
34333737303630383437333834666464373332376632613330376331363461386232373364333531
34363135383636346362376438646233333230663934333461616665303763623532323266363534
32393032376632306339343063373935373633656237343535336265303266323065633532316534
66393436633164386539346333346666323236366635313139333466313131356130343465643966
63643436636433343664333634613031663065623530366235666334653566396332613537363339
31386565616234386462353632376662393734633539323262373937333665303739613661316538
33366631376661323566653666363437613130643865353539653538353538386536303233313938
66656530353730383565653464323865613834393266656434623931643363383562666161643666
34653961303662326332316262356263616537633930366264613531323530393365666362323264
37356330343061666161663836326431633434353761333438343837373434336466306264393764
37366265323138653661356637356164323539336665653131363761623433653663326337616135
36316165333234343366643963303262356464663130636433373334663762323131353637363064
66653139393936393466663666376136666436303830393434633161353032323238646161383564
39366432653065316361336230363034663137393265333762353739363030333261353635346265
34386165616533613335386266333739303839666435313334326633383161666338333634323363
37666336633936323563386466636239313436313334386266396234363035346539323436336165
35616132653638393931646534613031386433316363373063623830353865666134363434613562
38633631366464313638316433643333383239323936303030386261626335616532653861383634
66323238323035383262626337643961303331636361393539666434666265663036383963316132
36383465326239323036303866323833626561343637663862353738653136303037393062373836
39363261363364626633313037393262643539346135356232353766666264643633666433643637
37316539636164353863626134373162396463643864663632653366343363363335353762323636
61656236626135363930363334353664653138323334653034353031643737333337386236663965
36663662383862663661636536323030303563663636393664623064313863643161643564333438
30383438626236356233643838343036316366383437613430373934646165343934383461303132
38646162623133653566353865373362323937653962343863636137663630326166313563343336
37386235336430363161626262333838363431303231653266613835343335336263663065616130
62623063316231616330656535336236346466643562306664633933633931323730386537323535
38366163353737656234346132323036383866326363363037373133643761303934343163313931
64656330376561616434656339626632656161346263346334373935333933333265666363613133
35353962666337633832633234306539663635633334653961613337633234303535656263323262
39643539646430643933306437386463616133393365623435623034363162353164333334663233
64303665396433653861326261373632333336646337386364383561356636333834663865343638
63326639303837353938656335656462306263663933613736316630333230323261383261636633
32363532613035303730306366356666326635303466383532336535656636336437613430386336
39373331396136613937306363663962323531373361356365386336326334653134383130626432
62663937633332636434383432333636623538333862646237323563383365376139633635623639
35303435613531633264306433363330653666353636393462393236646436343531643732646263
35396237643561663230623636306663303936323131396531323034363033303365653838643738
64656431643366323830333737326234623738643930313433346332316330343630343565373864
30323139373865626131633632323133663166636632346430613438616232323135623565313137
37653832643432326336646537383961336232653736393638373135623038616164353064383237
64346166646434373230343738396437333532633632633766623937643565626230326166666261
36653266636335663761643735613034363463393762323636393431353235363632393837306535
39623064383933313731376165343133386635616662326162313166666463396365303030643138
37613161643234366266653733653838663736656337343532346632313463626137366361333037
32383961326130383064666637326532363838303637646466616564353562303435326466306565
37386634656164343235646437383862666236363534396161643234653038366565643562353163
61316361626534613664353462336434386163346537386237623630646363646338393533316531
34316461366530383238323432643339373664343830343861633839663334373336316164323631
65303166383137383536663862303239346164646666626637303934666666363639356465653235
64356265646634613265353832376639616437343636633065613963323663356164316431326439
37663638393533393238396238336433616164303936646633643037613161396136376335346434
38623065346231353163616139383139333738333338643432623735613834373133373236613866
64336665356166303232393035653937363838613962303465616131646161353063373465623064
36393866373466343930656338663862346637663863666634653364613031613061633664633730
63306562663730343739616635346534643138666437616164366162646439326437663935323836
30626139393934373266363039303934313838643163336362633264646139333133653935613936
61346332643862333238396336666437623337626239303064613664663439663235303934393131
39333733383238663531316161306332393066363861326664643033633864336264656266646237
36313566613230613439613232303430623766626432616266643933653834353861393963656332
38396263623165393161353931326633373261343432633339366465646461376135363030303834
62643731616462366563363733396264313265336666313039613935333732353636333333343239
61663931336461303331623261373137663233393831363732666366653661633237613030623763
34613735346161626133633439316134653231653935393763333036386461613031323635363832
30646263393631303966303461373134316236343564376231623937386332613062393833376663
64363463326164306637613230366534656138386233663935373765363361666133393334616534
64653637616462666464313633656134636530343565313739366564386434373064363066656362
36363165383130656631366463373866363236353261313736646633376232643266313630646531
39616164653839326461393637383536343263666236616464646661306237396462666236316639
64623838376432653564373638666461386437333239376561373232343536623932646530376331
37386138633439383839636261326232353161383537623231336636613832383365316131393837
38393837356332363134393035636138626630353035303934626639643439336332333138326363
66653564313038306266633962633839353238663431323435376266343266333761313563363465
31613963326565333937623664383139643436336261636532623739336531326537383637326334
65343331616462336165353135333838653937373938623832636531623431636139326134623138
36623465363533316539316665373839623466376335636338323633633065333833306232616636
62396133353733306464303264386132303033393236613037656138653139636439633862316135
31343364363639313964336531623937653161333133636431323237383464313436373435663763
66363938333737643736313562383266366531636530386564353863373231396336646137643533
31366332396532623138363736623335636431346533383566656533383964343735306164303736
66306639636339626439396332376439663664626432313764386162383730396266376164373162
65353465626539386131313461663965663630316164386636613466313965316235396537666166
35356232336239646466333131623064303236653861633238393263653835643236323836303564
63656232363131383237333661653666616638323465353838646130636366623162373764653738
37346565663933356435613430646532313039363032313662313961343636306633353664336464
34663964303364613566653063656231643561356633623238633634386630613462353839646130
30356239356239626136663865326564393734616437346332326537326265336263343532326139
32323239373433393234383164653361323861303332313934656533633131353230646563396538
63306433326336383737313232366538663035376366633331623139396365393361663835383166
30653834666439636636343836356238366537356361633135373265336630303063383236643839
62626666663432313538636131633433353337336661303761333364393762646235363538386332
30613561656365376330363036623961386361323738326532613632396438393930613239653461
386164336666356666366166356431663338
